C:\Program Files\dotnet\sdk\10.0.201\Microsoft.Common.CurrentVersion.targets(5719,5): warning MSB3061: не удается удалить файл "D:\Projects\C#\PdfRendererSeparatedProject\PdfRendererSeparatedProject\PdfViewer.WinForms\bin\Debug\net8.0-windows\PdfViewer.WinForms.exe". Access to the path 'D:\Projects\C#\PdfRendererSeparatedProject\PdfRendererSeparatedProject\PdfViewer.WinForms\bin\Debug\net8.0-windows\PdfViewer.WinForms.exe' is denied.  [D:\Projects\C#\PdfRendererSeparatedProject\PdfRendererSeparatedProject\PdfViewer.WinForms\PdfViewer.WinForms.csproj]
C:\Program Files\dotnet\sdk\10.0.201\Microsoft.Common.CurrentVersion.targets(2451,5): warning MSB3101: не удалось записать файл состояния "obj\Debug\net8.0-windows\_diag_bookcheck.csproj.AssemblyReference.cache". Access to the path 'D:\Projects\C#\PdfRendererSeparatedProject\PdfRendererSeparatedProject\_diag_bookcheck\obj\Debug\net8.0-windows\_diag_bookcheck.csproj.AssemblyReference.cache' is denied. [D:\Projects\C#\PdfRendererSeparatedProject\PdfRendererSeparatedProject\_diag_bookcheck\_diag_bookcheck.csproj]
C:\Program Files\dotnet\sdk\10.0.201\Microsoft.Common.CurrentVersion.targets(5719,5): warning MSB3061: не удается удалить файл "D:\Projects\C#\PdfRendererSeparatedProject\PdfRendererSeparatedProject\_diag_bookcheck\bin\Debug\net8.0-windows\PdfViewer.WinForms.exe". Access to the path 'D:\Projects\C#\PdfRendererSeparatedProject\PdfRendererSeparatedProject\_diag_bookcheck\bin\Debug\net8.0-windows\PdfViewer.WinForms.exe' is denied.  [D:\Projects\C#\PdfRendererSeparatedProject\PdfRendererSeparatedProject\_diag_bookcheck\_diag_bookcheck.csproj]
Page=182
page[182]
  0000 q
  0001 cm [1, 0, 0, 1, 16.2791, 21.0807]
  0002 cs [/CS0]
  0003 scn [0, 0.27, 0.48]
  0004 gs [/GS0]
  0005 m [0, 0]
  0006 l [41.845, 0]
  0007 l [41.845, -9.584]
  0008 l [0, -9.584]
  0009 h
  0010 f*
  0011 Q
  0012 BT
  0013 cs [/CS0]
  0014 scn [0, 0.27, 0.48]
  0015 gs [/GS0]
  0019 scn [1, 1, 1]
  0023 ET
  0024 q
  0025 cm [1, 0, 0, 1, 41.5664, 637.124]
  0026 scn [0, 0.27, 0.48]
  0027 m [0, 0]
  0028 l [1.788, 0]
  0029 l [1.788, -7.998]
  0030 l [0.75, -7.998]
  0031 l [0.75, -1.002]
  0032 l [0.376, -1.002]
  0033 l [-2.198, -3.422]
  0034 l [-2.842, -2.708]
  0035 h
  0036 h
  0037 m [4.512, 0]
  0038 l [13.026, 0]
  0039 l [13.026, -0.914]
  0040 l [5.55, -0.914]
  0041 l [5.55, -3.228]
  0042 c [5.746, -2.968, 5.958, -2.798, 6.188, -2.72]
  0043 c [6.556, -2.59, 7.38, -2.526, 8.662, -2.526]
  0044 c [9.822, -2.526, 10.686, -2.564, 11.254, -2.638]
  0045 c [11.822, -2.712, 12.242, -2.842, 12.51, -3.03]
  0046 c [12.788, -3.226, 12.988, -3.498, 13.112, -3.85]
  0047 c [13.234, -4.202, 13.296, -4.678, 13.296, -5.28]
  0048 c [13.296, -5.994, 13.206, -6.54, 13.026, -6.914]
  0049 c [12.874, -7.234, 12.672, -7.472, 12.42, -7.626]
  0050 c [12.168, -7.78, 11.822, -7.882, 11.38, -7.928]
  0051 c [11.086, -7.956, 10.198, -7.986, 8.714, -8.022]
  0052 c [7.354, -7.998, 6.55, -7.98, 6.302, -7.966]
  0053 c [6.054, -7.952, 5.8, -7.914, 5.538, -7.852]
  0054 c [5.128, -7.758, 4.81, -7.508, 4.588, -7.102]
  0055 c [4.494, -6.934, 4.43, -6.748, 4.398, -6.546]
  0056 c [4.364, -6.342, 4.342, -5.996, 4.33, -5.508]
  0057 l [5.334, -5.508]
  0058 c [5.34, -5.872, 5.362, -6.128, 5.394, -6.276]
  0059 c [5.428, -6.424, 5.49, -6.548, 5.58, -6.644]
  0060 c [5.68, -6.762, 5.814, -6.848, 5.978, -6.902]
  0061 c [6.142, -6.958, 6.384, -7, 6.704, -7.032]
  0062 c [7.138, -7.07, 7.754, -7.09, 8.55, -7.09]
  0063 c [10.28, -7.09, 11.328, -7.01, 11.69, -6.85]
  0064 c [11.882, -6.768, 12.02, -6.594, 12.104, -6.332]
  0065 c [12.188, -6.068, 12.23, -5.68, 12.23, -5.168]
  0066 c [12.23, -4.722, 12.186, -4.388, 12.098, -4.166]
  0067 c [12.01, -3.944, 11.854, -3.772, 11.632, -3.65]
  0068 c [11.452, -3.556, 11.138, -3.492, 10.688, -3.456]
  0069 c [10.24, -3.422, 9.494, -3.404, 8.45, -3.404]
  0070 c [7.012, -3.404, 6.136, -3.502, 5.82, -3.698]
  0071 c [5.672, -3.788, 5.582, -3.952, 5.55, -4.19]
  0072 l [4.512, -4.19]
  0073 h
  0074 h
  0075 m [14.554, -6.644]
  0076 l [15.854, -6.644]
  0077 l [15.854, -7.998]
  0078 l [14.554, -7.998]
  0079 h
  0080 h
  0081 m [25.336, 0.024]
  0082 c [26.704, 0.024, 27.668, -0.02, 28.228, -0.108]
  0083 c [28.788, -0.196, 29.198, -0.366, 29.456, -0.62]
  0084 c [29.62, -0.78, 29.742, -0.972, 29.824, -1.192]
  0085 c [29.906, -1.412, 29.972, -1.722, 30.018, -2.12]
  0086 c [30.076, -2.624, 30.106, -3.262, 30.106, -4.032]
  0087 c [30.106, -5.016, 30.06, -5.762, 29.968, -6.266]
  0088 c [29.876, -6.772, 29.718, -7.144, 29.49, -7.378]
  0089 c [29.256, -7.628, 28.87, -7.798, 28.334, -7.89]
  0090 c [27.796, -7.982, 26.916, -8.028, 25.694, -8.028]
  0091 c [25.092, -8.028, 24.426, -8.018, 23.692, -7.998]
  0092 c [22.96, -7.98, 22.478, -7.96, 22.248, -7.94]
  0093 c [21.85, -7.902, 21.536, -7.836, 21.304, -7.746]
  0094 c [21.074, -7.656, 20.87, -7.516, 20.69, -7.324]
  0095 c [20.452, -7.074, 20.292, -6.724, 20.212, -6.27]
  0096 c [20.132, -5.816, 20.092, -5.05, 20.092, -3.972]
  0097 c [20.092, -2.7, 20.18, -1.794, 20.356, -1.26]
  0098 c [20.566, -0.626, 21.05, -0.254, 21.804, -0.14]
  0099 c [22.494, -0.034, 23.672, 0.02, 25.336, 0.024]
  0100 h
  0101 m [24.722, -0.936]
  0102 c [23.604, -0.936, 22.784, -0.98, 22.26, -1.07]
  0103 c [21.956, -1.122, 21.736, -1.208, 21.6, -1.332]
  0104 c [21.466, -1.454, 21.372, -1.656, 21.316, -1.932]
  0105 c [21.226, -2.378, 21.182, -3.03, 21.182, -3.89]
  0106 c [21.182, -4.774, 21.206, -5.418, 21.256, -5.822]
  0107 c [21.304, -6.226, 21.392, -6.498, 21.522, -6.634]
  0108 c [21.624, -6.748, 21.77, -6.83, 21.962, -6.88]
  0109 c [22.152, -6.932, 22.456, -6.97, 22.87, -6.998]
  0110 c [23.554, -7.044, 24.348, -7.068, 25.254, -7.068]
  0111 c [26.544, -7.068, 27.48, -7.016, 28.065, -6.91]
  0112 c [28.528, -6.832, 28.802, -6.56, 28.888, -6.094]
  0113 c [28.978, -5.594, 29.022, -4.914, 29.022, -4.054]
  0114 c [29.022, -3.004, 28.982, -2.262, 28.904, -1.832]
  0115 c [28.826, -1.396, 28.524, -1.136, 27.996, -1.054]
  0116 c [27.688, -1.006, 27.34, -0.976, 26.954, -0.962]
  0117 c [26.566, -0.948, 25.822, -0.94, 24.722, -0.936]
  0118 h
  0119 m [30.462, -3.188]
  0120 l [30.462, -2.438]
  0121 l [31.703, -2.438]
  0122 c [31.72, -1.888, 31.754, -1.492, 31.806, -1.254]
  0123 c [31.86, -1.016, 31.962, -0.812, 32.114, -0.64]
  0124 c [32.306, -0.42, 32.558, -0.268, 32.874, -0.18]
  0125 c [33.188, -0.092, 33.689, -0.036, 34.382, -0.012]
  0126 l [35.396, 0.018]
  0127 l [35.396, -0.732]
  0128 l [34.451, -0.762]
  0129 c [33.947, -0.778, 33.585, -0.81, 33.364, -0.858]
  0130 c [33.144, -0.908, 32.975, -0.994, 32.864, -1.12]
  0131 c [32.766, -1.226, 32.702, -1.356, 32.672, -1.512]
  0132 c [32.644, -1.668, 32.624, -1.978, 32.612, -2.438]
  0133 l [35.396, -2.438]
  0134 l [35.396, -3.188]
  0135 l [32.582, -3.188]
  0136 l [32.582, -7.998]
  0137 l [31.703, -7.998]
  0138 l [31.703, -3.188]
  0139 h
  0140 h
  0141 m [41.888, -6.282]
  0142 l [42.808, -6.282]
  0143 c [42.792, -6.946, 42.558, -7.41, 42.105, -7.672]
  0144 c [41.652, -7.936, 40.864, -8.068, 39.738, -8.068]
  0145 c [38.808, -8.068, 38.102, -8.032, 37.62, -7.96]
  0146 c [37.138, -7.888, 36.774, -7.766, 36.528, -7.594]
  0147 c [35.966, -7.196, 35.684, -6.408, 35.684, -5.232]
  0148 c [35.684, -4.408, 35.804, -3.79, 36.042, -3.376]
  0149 c [36.268, -2.982, 36.596, -2.714, 37.022, -2.576]
  0150 c [37.45, -2.438, 38.164, -2.368, 39.164, -2.368]
  0151 c [40.122, -2.368, 40.812, -2.418, 41.238, -2.52]
  0152 c [41.664, -2.622, 42.004, -2.818, 42.257, -3.106]
  0153 c [42.467, -3.348, 42.614, -3.63, 42.691, -3.95]
  0154 c [42.77, -4.27, 42.812, -4.758, 42.82, -5.414]
  0155 l [36.626, -5.414]
  0156 c [36.65, -6.106, 36.786, -6.58, 37.035, -6.838]
  0157 c [37.204, -7.012, 37.474, -7.132, 37.842, -7.198]
  0158 c [38.212, -7.262, 38.812, -7.294, 39.644, -7.294]
  0159 c [40.273, -7.294, 40.734, -7.264, 41.028, -7.206]
  0160 c [41.32, -7.148, 41.537, -7.04, 41.684, -6.884]
  0161 c [41.792, -6.764, 41.862, -6.562, 41.888, -6.282]
  0162 h
  0163 m [41.848, -4.664]
  0164 c [41.844, -4.122, 41.7, -3.742, 41.414, -3.528]
  0165 c [41.226, -3.384, 40.964, -3.284, 40.626, -3.226]
  0166 c [40.288, -3.17, 39.792, -3.142, 39.14, -3.142]
  0167 c [38.57, -3.142, 38.136, -3.168, 37.836, -3.222]
  0168 c [37.537, -3.274, 37.304, -3.366, 37.136, -3.5]
  0169 c [36.86, -3.714, 36.7, -4.102, 36.656, -4.664]
  0170 h
  0171 h
  0172 m [43.621, -2.438]
  0173 l [44.5, -2.438]
  0174 l [44.5, -3.188]
  0175 l [44.558, -3.188]
  0176 c [44.696, -2.938, 44.904, -2.74, 45.186, -2.596]
  0177 c [45.354, -2.51, 45.576, -2.45, 45.85, -2.418]
  0178 c [46.126, -2.384, 46.537, -2.368, 47.084, -2.368]
  0179 c [47.632, -2.368, 48.04, -2.398, 48.306, -2.458]
  0180 c [48.574, -2.52, 48.804, -2.63, 48.995, -2.79]
  0181 c [49.37, -3.114, 49.558, -3.64, 49.558, -4.366]
  0182 l [49.558, -4.94]
  0183 l [48.656, -4.94]
  0184 l [48.656, -4.542]
  0185 c [48.656, -4.234, 48.635, -4, 48.593, -3.842]
  0186 c [48.554, -3.684, 48.479, -3.554, 48.374, -3.452]
  0187 c [48.152, -3.246, 47.688, -3.142, 46.986, -3.142]
  0188 c [45.925, -3.142, 45.248, -3.28, 44.948, -3.554]
  0189 c [44.65, -3.83, 44.5, -4.456, 44.5, -5.432]
  0190 l [44.5, -7.998]
  0191 l [43.621, -7.998]
  0192 h
  0193 h
  0194 m [51.188, -1.06]
  0195 l [52.065, -1.06]
  0196 l [52.065, -2.438]
  0197 l [55.957, -2.438]
  0198 l [55.957, -3.188]
  0199 l [52.065, -3.188]
  0200 l [52.065, -5.602]
  0201 c [52.073, -6.128, 52.088, -6.45, 52.107, -6.568]
  0202 c [52.125, -6.684, 52.183, -6.802, 52.275, -6.92]
  0203 c [52.385, -7.056, 52.549, -7.152, 52.77, -7.21]
  0204 c [52.988, -7.266, 53.308, -7.294, 53.729, -7.294]
  0205 c [54.125, -7.294, 54.411, -7.266, 54.591, -7.212]
  0206 c [54.771, -7.158, 54.911, -7.058, 55.013, -6.914]
  0207 c [55.079, -6.812, 55.123, -6.69, 55.146, -6.55]
  0208 c [55.167, -6.41, 55.177, -6.172, 55.177, -5.836]
  0209 l [55.177, -5.484]
  0210 l [56.051, -5.484]
  0211 l [56.051, -5.836]
  0212 c [56.051, -6.262, 56.031, -6.584, 55.989, -6.806]
  0213 c [55.949, -7.026, 55.871, -7.22, 55.759, -7.388]
  0214 c [55.593, -7.63, 55.349, -7.804, 55.025, -7.91]
  0215 c [54.701, -8.016, 54.248, -8.068, 53.661, -8.068]
  0216 c [53.06, -8.068, 52.59, -8.02, 52.251, -7.922]
  0217 c [51.913, -7.824, 51.661, -7.664, 51.497, -7.442]
  0218 c [51.377, -7.276, 51.296, -7.088, 51.252, -6.872]
  0219 c [51.209, -6.658, 51.188, -6.332, 51.188, -5.894]
  0220 l [51.188, -3.188]
  0221 l [49.821, -3.188]
  0222 l [49.821, -2.438]
  0223 l [51.188, -2.438]
  0224 h
  0225 h
  0226 m [57.779, -4.108]
  0227 l [56.866, -4.108]
  0228 c [56.857, -4.006, 56.853, -3.926, 56.853, -3.868]
  0229 c [56.853, -3.286, 57.071, -2.89, 57.51, -2.678]
  0230 c [57.948, -2.468, 58.767, -2.362, 59.972, -2.362]
  0231 c [60.915, -2.362, 61.595, -2.404, 62.009, -2.49]
  0232 c [62.423, -2.576, 62.747, -2.74, 62.983, -2.984]
  0233 c [63.177, -3.178, 63.305, -3.408, 63.363, -3.674]
  0234 c [63.422, -3.94, 63.451, -4.404, 63.451, -5.068]
  0235 l [63.451, -7.998]
  0236 l [62.577, -7.998]
  0237 l [62.596, -7.348]
  0238 l [62.547, -7.348]
  0239 c [62.329, -7.652, 62.067, -7.848, 61.759, -7.936]
  0240 c [61.453, -8.024, 60.875, -8.068, 60.023, -8.068]
  0241 c [59.051, -8.068, 58.376, -8.044, 57.995, -7.998]
  0242 c [57.618, -7.95, 57.33, -7.854, 57.135, -7.704]
  0243 c [56.939, -7.564, 56.804, -7.396, 56.728, -7.2]
  0244 c [56.652, -7.006, 56.614, -6.732, 56.614, -6.38]
  0245 c [56.614, -5.952, 56.671, -5.622, 56.785, -5.39]
  0246 c [56.902, -5.16, 57.095, -4.988, 57.369, -4.876]
  0247 c [57.666, -4.746, 58.359, -4.682, 59.449, -4.682]
  0248 c [60.589, -4.682, 61.336, -4.716, 61.687, -4.784]
  0249 c [62.037, -4.852, 62.31, -5.018, 62.501, -5.28]
  0250 l [62.577, -5.28]
  0251 l [62.577, -4.682]
  0252 c [62.577, -4.194, 62.49, -3.842, 62.313, -3.628]
  0253 c [62.158, -3.436, 61.919, -3.306, 61.601, -3.238]
  0254 c [61.283, -3.17, 60.764, -3.136, 60.042, -3.136]
  0255 c [59.091, -3.136, 58.477, -3.192, 58.198, -3.302]
  0256 c [57.92, -3.414, 57.779, -3.658, 57.779, -4.032]
  0257 c [57.779, -4.052, 57.779, -4.076, 57.779, -4.108]
  0258 h
  0259 m [60.029, -5.462]
  0260 c [59.307, -5.462, 58.801, -5.474, 58.511, -5.5]
  0261 c [58.223, -5.526, 58.018, -5.574, 57.897, -5.644]
  0262 c [57.668, -5.78, 57.551, -6.032, 57.551, -6.398]
  0263 c [57.551, -6.762, 57.687, -7.008, 57.961, -7.136]
  0264 c [58.183, -7.242, 58.933, -7.294, 60.212, -7.294]
  0265 c [61.145, -7.294, 61.762, -7.234, 62.061, -7.112]
  0266 c [62.363, -6.992, 62.513, -6.746, 62.513, -6.376]
  0267 c [62.513, -6.016, 62.346, -5.774, 62.009, -5.65]
  0268 c [61.673, -5.524, 61.014, -5.462, 60.029, -5.462]
  0269 h
  0270 m [66.731, 0]
  0271 l [67.909, 0]
  0272 l [71.869, -7.02]
  0273 l [72.245, -7.02]
  0274 l [76.117, 0]
  0275 l [77.307, 0]
  0276 l [72.89, -7.998]
  0277 l [71.243, -7.998]
  0278 h
  0279 h
  0280 m [82.879, -6.282]
  0281 l [83.799, -6.282]
  0282 c [83.783, -6.946, 83.549, -7.41, 83.097, -7.672]
  0283 c [82.644, -7.936, 81.855, -8.068, 80.729, -8.068]
  0284 c [79.799, -8.068, 79.093, -8.032, 78.612, -7.96]
  0285 c [78.129, -7.888, 77.765, -7.766, 77.519, -7.594]
  0286 c [76.958, -7.196, 76.675, -6.408, 76.675, -5.232]
  0287 c [76.675, -4.408, 76.795, -3.79, 77.034, -3.376]
  0288 c [77.259, -2.982, 77.587, -2.714, 78.013, -2.576]
  0289 c [78.441, -2.438, 79.156, -2.368, 80.156, -2.368]
  0290 c [81.113, -2.368, 81.803, -2.418, 82.229, -2.52]
  0291 c [82.655, -2.622, 82.995, -2.818, 83.249, -3.106]
  0292 c [83.459, -3.348, 83.605, -3.63, 83.683, -3.95]
  0293 c [83.762, -4.27, 83.804, -4.758, 83.811, -5.414]
  0294 l [77.617, -5.414]
  0295 c [77.642, -6.106, 77.778, -6.58, 78.027, -6.838]
  0296 c [78.195, -7.012, 78.465, -7.132, 78.834, -7.198]
  0297 c [79.203, -7.262, 79.804, -7.294, 80.635, -7.294]
  0298 c [81.265, -7.294, 81.725, -7.264, 82.019, -7.206]
  0299 c [82.311, -7.148, 82.529, -7.04, 82.675, -6.884]
  0300 c [82.783, -6.764, 82.853, -6.562, 82.879, -6.282]
  0301 h
  0302 m [82.839, -4.664]
  0303 c [82.835, -4.122, 82.691, -3.742, 82.405, -3.528]
  0304 c [82.217, -3.384, 81.955, -3.284, 81.617, -3.226]
  0305 c [81.28, -3.17, 80.783, -3.142, 80.132, -3.142]
  0306 c [79.561, -3.142, 79.127, -3.168, 78.827, -3.222]
  0307 c [78.529, -3.274, 78.296, -3.366, 78.127, -3.5]
  0308 c [77.852, -3.714, 77.691, -4.102, 77.647, -4.664]
  0309 h
  0310 h
  0311 m [84.613, -2.438]
  0312 l [85.492, -2.438]
  0313 l [85.492, -3.276]
  0314 l [85.555, -3.276]
  0315 c [85.743, -2.92, 86.03, -2.68, 86.415, -2.556]
  0316 c [86.799, -2.43, 87.449, -2.368, 88.363, -2.368]
  0317 c [89.162, -2.368, 89.751, -2.412, 90.138, -2.5]
  0318 c [90.521, -2.588, 90.823, -2.746, 91.041, -2.978]
  0319 c [91.213, -3.16, 91.335, -3.39, 91.403, -3.666]
  0320 c [91.472, -3.94, 91.506, -4.338, 91.506, -4.858]
  0321 l [91.506, -7.998]
  0322 l [90.627, -7.998]
  0323 l [90.627, -5.232]
  0324 c [90.627, -4.736, 90.608, -4.38, 90.565, -4.164]
  0325 c [90.525, -3.948, 90.441, -3.764, 90.317, -3.616]
  0326 c [90.167, -3.444, 89.941, -3.322, 89.634, -3.25]
  0327 c [89.327, -3.178, 88.869, -3.142, 88.259, -3.142]
  0328 c [87.58, -3.142, 87.049, -3.192, 86.669, -3.292]
  0329 c [86.291, -3.39, 86.005, -3.554, 85.813, -3.78]
  0330 c [85.681, -3.944, 85.593, -4.128, 85.553, -4.334]
  0331 c [85.511, -4.538, 85.492, -4.902, 85.492, -5.426]
  0332 l [85.492, -7.998]
  0333 l [84.613, -7.998]
  0334 h
  0335 h
  0336 m [93.267, -1.06]
  0337 l [94.145, -1.06]
  0338 l [94.145, -2.438]
  0339 l [98.037, -2.438]
  0340 l [98.037, -3.188]
  0341 l [94.145, -3.188]
  0342 l [94.145, -5.602]
  0343 c [94.153, -6.128, 94.168, -6.45, 94.187, -6.568]
  0344 c [94.205, -6.684, 94.263, -6.802, 94.355, -6.92]
  0345 c [94.465, -7.056, 94.63, -7.152, 94.849, -7.21]
  0346 c [95.067, -7.266, 95.388, -7.294, 95.809, -7.294]
  0347 c [96.205, -7.294, 96.491, -7.266, 96.671, -7.212]
  0348 c [96.851, -7.158, 96.991, -7.058, 97.093, -6.914]
  0349 c [97.16, -6.812, 97.203, -6.69, 97.226, -6.55]
  0350 c [97.247, -6.41, 97.257, -6.172, 97.257, -5.836]
  0351 l [97.257, -5.484]
  0352 l [98.132, -5.484]
  0353 l [98.132, -5.836]
  0354 c [98.132, -6.262, 98.111, -6.584, 98.069, -6.806]
  0355 c [98.029, -7.026, 97.951, -7.22, 97.84, -7.388]
  0356 c [97.673, -7.63, 97.429, -7.804, 97.105, -7.91]
  0357 c [96.781, -8.016, 96.328, -8.068, 95.741, -8.068]
  0358 c [95.14, -8.068, 94.67, -8.02, 94.331, -7.922]
  0359 c [93.993, -7.824, 93.741, -7.664, 93.577, -7.442]
  0360 c [93.457, -7.276, 93.375, -7.088, 93.332, -6.872]
  0361 c [93.289, -6.658, 93.267, -6.332, 93.267, -5.894]
  0362 l [93.267, -3.188]
  0363 l [91.901, -3.188]
  0364 l [91.901, -2.438]
  0365 l [93.267, -2.438]
  0366 h
  0367 h
  0368 m [98.729, -2.438]
  0369 l [99.608, -2.438]
  0370 l [99.608, -5.256]
  0371 c [99.608, -5.776, 99.635, -6.148, 99.689, -6.372]
  0372 c [99.743, -6.596, 99.851, -6.778, 100.011, -6.92]
  0373 c [100.171, -7.056, 100.393, -7.152, 100.677, -7.21]
  0374 c [100.959, -7.266, 101.359, -7.294, 101.875, -7.294]
  0375 c [102.543, -7.294, 103.061, -7.244, 103.431, -7.142]
  0376 c [103.801, -7.04, 104.079, -6.872, 104.267, -6.638]
  0377 c [104.383, -6.498, 104.465, -6.32, 104.509, -6.108]
  0378 c [104.555, -5.896, 104.577, -5.588, 104.577, -5.186]
  0379 l [104.577, -2.438]
  0380 l [105.455, -2.438]
  0381 l [105.455, -7.998]
  0382 l [104.577, -7.998]
  0383 l [104.577, -7.166]
  0384 l [104.525, -7.166]
  0385 c [104.301, -7.522, 104.005, -7.76, 103.633, -7.884]
  0386 c [103.263, -8.006, 102.643, -8.068, 101.777, -8.068]
  0387 c [101.097, -8.068, 100.563, -8.026, 100.177, -7.944]
  0388 c [99.789, -7.862, 99.487, -7.726, 99.269, -7.534]
  0389 c [99.069, -7.364, 98.929, -7.126, 98.849, -6.826]
  0390 c [98.769, -6.526, 98.729, -6.088, 98.729, -5.514]
  0391 h
  0392 h
  0393 m [106.415, -2.438]
  0394 l [107.293, -2.438]
  0395 l [107.293, -3.188]
  0396 l [107.351, -3.188]
  0397 c [107.489, -2.938, 107.697, -2.74, 107.979, -2.596]
  0398 c [108.147, -2.51, 108.369, -2.45, 108.643, -2.418]
  0399 c [108.919, -2.384, 109.331, -2.368, 109.877, -2.368]
  0400 c [110.425, -2.368, 110.833, -2.398, 111.099, -2.458]
  0401 c [111.367, -2.52, 111.597, -2.63, 111.789, -2.79]
  0402 c [112.163, -3.114, 112.351, -3.64, 112.351, -4.366]
  0403 l [112.351, -4.94]
  0404 l [111.449, -4.94]
  0405 l [111.449, -4.542]
  0406 c [111.449, -4.234, 111.429, -4, 111.387, -3.842]
  0407 c [111.347, -3.684, 111.273, -3.554, 111.167, -3.452]
  0408 c [110.945, -3.246, 110.481, -3.142, 109.779, -3.142]
  0409 c [108.719, -3.142, 108.041, -3.28, 107.741, -3.554]
  0410 c [107.443, -3.83, 107.293, -4.456, 107.293, -5.432]
  0411 l [107.293, -7.998]
  0412 l [106.415, -7.998]
  0413 h
  0414 h
  0415 m [119.089, -6.282]
  0416 l [120.009, -6.282]
  0417 c [119.993, -6.946, 119.759, -7.41, 119.307, -7.672]
  0418 c [118.853, -7.936, 118.065, -8.068, 116.939, -8.068]
  0419 c [116.009, -8.068, 115.303, -8.032, 114.821, -7.96]
  0420 c [114.339, -7.888, 113.975, -7.766, 113.729, -7.594]
  0421 c [113.167, -7.196, 112.885, -6.408, 112.885, -5.232]
  0422 c [112.885, -4.408, 113.005, -3.79, 113.243, -3.376]
  0423 c [113.469, -2.982, 113.797, -2.714, 114.223, -2.576]
  0424 c [114.651, -2.438, 115.365, -2.368, 116.365, -2.368]
  0425 c [117.323, -2.368, 118.013, -2.418, 118.439, -2.52]
  0426 c [118.865, -2.622, 119.205, -2.818, 119.459, -3.106]
  0427 c [119.669, -3.348, 119.815, -3.63, 119.893, -3.95]
  0428 c [119.971, -4.27, 120.013, -4.758, 120.021, -5.414]
  0429 l [113.827, -5.414]
  0430 c [113.851, -6.106, 113.987, -6.58, 114.237, -6.838]
  0431 c [114.405, -7.012, 114.675, -7.132, 115.043, -7.198]
  0432 c [115.413, -7.262, 116.013, -7.294, 116.845, -7.294]
  0433 c [117.475, -7.294, 117.935, -7.264, 118.229, -7.206]
  0434 c [118.521, -7.148, 118.739, -7.04, 118.885, -6.884]
  0435 c [118.993, -6.764, 119.063, -6.562, 119.089, -6.282]
  0436 h
  0437 m [119.049, -4.664]
  0438 c [119.045, -4.122, 118.901, -3.742, 118.615, -3.528]
  0439 c [118.427, -3.384, 118.165, -3.284, 117.827, -3.226]
  0440 c [117.489, -3.17, 116.993, -3.142, 116.341, -3.142]
  0441 c [115.771, -3.142, 115.337, -3.168, 115.037, -3.222]
  0442 c [114.739, -3.274, 114.505, -3.366, 114.337, -3.5]
  0443 c [114.061, -3.714, 113.901, -4.102, 113.857, -4.664]
  0444 h
  0445 h
  0446 m [123.941, 0]
  0447 l [125.007, 0]
  0448 l [125.007, -7.998]
  0449 l [123.941, -7.998]
  0450 h
  0451 h
  0452 m [126.085, -2.438]
  0453 l [126.963, -2.438]
  0454 l [126.963, -3.276]
  0455 l [127.027, -3.276]
  0456 c [127.215, -2.92, 127.501, -2.68, 127.887, -2.556]
  0457 c [128.271, -2.43, 128.921, -2.368, 129.835, -2.368]
  0458 c [130.633, -2.368, 131.223, -2.412, 131.609, -2.5]
  0459 c [131.993, -2.588, 132.295, -2.746, 132.513, -2.978]
  0460 c [132.685, -3.16, 132.807, -3.39, 132.875, -3.666]
  0461 c [132.943, -3.94, 132.977, -4.338, 132.977, -4.858]
  0462 l [132.977, -7.998]
  0463 l [132.099, -7.998]
  0464 l [132.099, -5.232]
  0465 c [132.099, -4.736, 132.079, -4.38, 132.037, -4.164]
  0466 c [131.997, -3.948, 131.913, -3.764, 131.789, -3.616]
  0467 c [131.639, -3.444, 131.413, -3.322, 131.105, -3.25]
  0468 c [130.799, -3.178, 130.341, -3.142, 129.731, -3.142]
  0469 c [129.051, -3.142, 128.521, -3.192, 128.141, -3.292]
  0470 c [127.763, -3.39, 127.477, -3.554, 127.285, -3.78]
  0471 c [127.153, -3.944, 127.065, -4.128, 127.025, -4.334]
  0472 c [126.983, -4.538, 126.963, -4.902, 126.963, -5.426]
  0473 l [126.963, -7.998]
  0474 l [126.085, -7.998]
  0475 h
  0476 h
  0477 m [140.973, 0]
  0478 l [140.973, -7.998]
  0479 l [140.107, -7.998]
  0480 l [140.107, -7.284]
  0481 l [140.053, -7.284]
  0482 c [139.843, -7.608, 139.569, -7.82, 139.231, -7.918]
  0483 c [138.893, -8.018, 138.277, -8.068, 137.383, -8.068]
  0484 c [136.641, -8.068, 136.079, -8.04, 135.697, -7.986]
  0485 c [135.317, -7.932, 135.005, -7.834, 134.763, -7.694]
  0486 c [134.407, -7.49, 134.153, -7.198, 134.001, -6.818]
  0487 c [133.849, -6.436, 133.773, -5.91, 133.773, -5.238]
  0488 c [133.773, -4.43, 133.885, -3.828, 134.107, -3.434]
  0489 c [134.361, -2.988, 134.707, -2.7, 135.145, -2.568]
  0490 c [135.581, -2.434, 136.401, -2.368, 137.605, -2.368]
  0491 c [138.371, -2.368, 138.919, -2.418, 139.251, -2.52]
  0492 c [139.583, -2.622, 139.845, -2.816, 140.037, -3.106]
  0493 l [140.095, -3.106]
  0494 l [140.095, 0]
  0495 h
  0496 h
  0497 m [137.523, -3.142]
  0498 c [136.867, -3.142, 136.377, -3.164, 136.049, -3.21]
  0499 c [135.723, -3.254, 135.475, -3.334, 135.303, -3.446]
  0500 c [135.091, -3.584, 134.941, -3.792, 134.849, -4.07]
  0501 c [134.757, -4.35, 134.711, -4.738, 134.711, -5.238]
  0502 c [134.711, -6.098, 134.869, -6.654, 135.183, -6.91]
  0503 c [135.497, -7.166, 136.181, -7.294, 137.237, -7.294]
  0504 c [137.917, -7.294, 138.427, -7.272, 138.769, -7.226]
  0505 c [139.111, -7.182, 139.365, -7.102, 139.533, -6.99]
  0506 c [139.745, -6.846, 139.895, -6.642, 139.987, -6.378]
  0507 c [140.079, -6.114, 140.125, -5.748, 140.125, -5.28]
  0508 c [140.125, -4.726, 140.075, -4.306, 139.975, -4.024]
  0509 c [139.875, -3.74, 139.705, -3.532, 139.463, -3.4]
  0510 c [139.155, -3.232, 138.507, -3.146, 137.523, -3.142]
  0511 h
  0512 m [141.941, -2.438]
  0513 l [142.819, -2.438]
  0514 l [142.819, -5.256]
  0515 c [142.819, -5.776, 142.847, -6.148, 142.901, -6.372]
  0516 c [142.955, -6.596, 143.063, -6.778, 143.223, -6.92]
  0517 c [143.383, -7.056, 143.605, -7.152, 143.889, -7.21]
  0518 c [144.171, -7.266, 144.571, -7.294, 145.087, -7.294]
  0519 c [145.755, -7.294, 146.273, -7.244, 146.643, -7.142]
  0520 c [147.013, -7.04, 147.291, -6.872, 147.479, -6.638]
  0521 c [147.595, -6.498, 147.677, -6.32, 147.721, -6.108]
  0522 c [147.767, -5.896, 147.789, -5.588, 147.789, -5.186]
  0523 l [147.789, -2.438]
  0524 l [148.667, -2.438]
  0525 l [148.667, -7.998]
  0526 l [147.789, -7.998]
  0527 l [147.789, -7.166]
  0528 l [147.737, -7.166]
  0529 c [147.513, -7.522, 147.217, -7.76, 146.845, -7.884]
  0530 c [146.475, -8.006, 145.855, -8.068, 144.989, -8.068]
  0531 c [144.309, -8.068, 143.775, -8.026, 143.389, -7.944]
  0532 c [143.001, -7.862, 142.699, -7.726, 142.481, -7.534]
  0533 c [142.281, -7.364, 142.141, -7.126, 142.061, -6.826]
  0534 c [141.981, -6.526, 141.941, -6.088, 141.941, -5.514]
  0535 h
  0536 h
  0537 m [149.475, -6.058]
  0538 l [150.413, -6.058]
  0539 c [150.413, -6.136, 150.413, -6.188, 150.413, -6.216]
  0540 c [150.413, -6.516, 150.445, -6.732, 150.509, -6.86]
  0541 c [150.573, -6.99, 150.701, -7.088, 150.893, -7.16]
  0542 c [151.147, -7.25, 151.877, -7.294, 153.085, -7.294]
  0543 c [153.839, -7.294, 154.363, -7.278, 154.657, -7.244]
  0544 c [154.953, -7.21, 155.165, -7.146, 155.293, -7.048]
  0545 c [155.469, -6.916, 155.557, -6.71, 155.557, -6.432]
  0546 c [155.557, -6.096, 155.451, -5.868, 155.241, -5.744]
  0547 c [155.029, -5.622, 154.645, -5.562, 154.087, -5.566]
  0548 c [153.911, -5.57, 153.065, -5.56, 151.549, -5.536]
  0549 c [151.155, -5.528, 150.839, -5.498, 150.603, -5.442]
  0550 c [150.367, -5.388, 150.171, -5.3, 150.015, -5.178]
  0551 c [149.717, -4.948, 149.569, -4.56, 149.569, -4.012]
  0552 c [149.569, -3.434, 149.755, -3.014, 150.125, -2.752]
  0553 c [150.321, -2.616, 150.641, -2.518, 151.087, -2.456]
  0554 c [151.531, -2.396, 152.173, -2.366, 153.009, -2.366]
  0555 c [153.941, -2.366, 154.631, -2.416, 155.073, -2.518]
  0556 c [155.517, -2.62, 155.843, -2.8, 156.049, -3.058]
  0557 c [156.151, -3.182, 156.217, -3.314, 156.245, -3.454]
  0558 c [156.275, -3.592, 156.289, -3.826, 156.289, -4.154]
  0559 l [155.363, -4.154]
  0560 c [155.359, -3.814, 155.303, -3.592, 155.193, -3.486]
  0561 c [155.073, -3.364, 154.839, -3.276, 154.491, -3.222]
  0562 c [154.143, -3.168, 153.639, -3.14, 152.979, -3.14]
  0563 c [151.777, -3.14, 151.045, -3.224, 150.789, -3.392]
  0564 c [150.601, -3.516, 150.507, -3.728, 150.507, -4.024]
  0565 c [150.507, -4.33, 150.617, -4.53, 150.835, -4.628]
  0566 c [151.053, -4.726, 151.495, -4.768, 152.159, -4.758]
  0567 c [152.815, -4.746, 153.665, -4.762, 154.707, -4.804]
  0568 c [155.341, -4.828, 155.797, -4.966, 156.077, -5.22]
  0569 c [156.355, -5.474, 156.495, -5.876, 156.495, -6.428]
  0570 c [156.495, -6.76, 156.447, -7.028, 156.349, -7.236]
  0571 c [156.251, -7.442, 156.093, -7.612, 155.873, -7.746]
  0572 c [155.683, -7.862, 155.369, -7.946, 154.937, -7.994]
  0573 c [154.503, -8.044, 153.875, -8.068, 153.055, -8.068]
  0574 c [152.137, -8.068, 151.457, -8.04, 151.013, -7.986]
  0575 c [150.569, -7.932, 150.245, -7.834, 150.037, -7.692]
  0576 c [149.827, -7.552, 149.679, -7.382, 149.595, -7.184]
  0577 c [149.511, -6.984, 149.469, -6.706, 149.469, -6.35]
  0578 c [149.469, -6.304, 149.471, -6.206, 149.475, -6.058]
  0579 h
  0580 m [158.187, -1.06]
  0581 l [159.065, -1.06]
  0582 l [159.065, -2.438]
  0583 l [162.957, -2.438]
  0584 l [162.957, -3.188]
  0585 l [159.065, -3.188]
  0586 l [159.065, -5.602]
  0587 c [159.073, -6.128, 159.087, -6.45, 159.107, -6.568]
  0588 c [159.125, -6.684, 159.183, -6.802, 159.275, -6.92]
  0589 c [159.385, -7.056, 159.549, -7.152, 159.769, -7.21]
  0590 c [159.987, -7.266, 160.307, -7.294, 160.729, -7.294]
  0591 c [161.125, -7.294, 161.411, -7.266, 161.591, -7.212]
  0592 c [161.771, -7.158, 161.911, -7.058, 162.013, -6.914]
  0593 c [162.079, -6.812, 162.123, -6.69, 162.145, -6.55]
  0594 c [162.167, -6.41, 162.177, -6.172, 162.177, -5.836]
  0595 l [162.177, -5.484]
  0596 l [163.051, -5.484]
  0597 l [163.051, -5.836]
  0598 c [163.051, -6.262, 163.031, -6.584, 162.989, -6.806]
  0599 c [162.949, -7.026, 162.871, -7.22, 162.759, -7.388]
  0600 c [162.593, -7.63, 162.349, -7.804, 162.025, -7.91]
  0601 c [161.701, -8.016, 161.247, -8.068, 160.661, -8.068]
  0602 c [160.059, -8.068, 159.589, -8.02, 159.251, -7.922]
  0603 c [158.913, -7.824, 158.661, -7.664, 158.497, -7.442]
  0604 c [158.377, -7.276, 158.295, -7.088, 158.251, -6.872]
  0605 c [158.209, -6.658, 158.187, -6.332, 158.187, -5.894]
  0606 l [158.187, -3.188]
  0607 l [156.821, -3.188]
  0608 l [156.821, -2.438]
  0609 l [158.187, -2.438]
  0610 h
  0611 h
  0612 m [163.689, -2.438]
  0613 l [164.567, -2.438]
  0614 l [164.567, -3.188]
  0615 l [164.625, -3.188]
  0616 c [164.763, -2.938, 164.971, -2.74, 165.253, -2.596]
  0617 c [165.421, -2.51, 165.643, -2.45, 165.917, -2.418]
  0618 c [166.193, -2.384, 166.605, -2.368, 167.151, -2.368]
  0619 c [167.699, -2.368, 168.107, -2.398, 168.373, -2.458]
  0620 c [168.641, -2.52, 168.871, -2.63, 169.062, -2.79]
  0621 c [169.437, -3.114, 169.625, -3.64, 169.625, -4.366]
  0622 l [169.625, -4.94]
  0623 l [168.723, -4.94]
  0624 l [168.723, -4.542]
  0625 c [168.723, -4.234, 168.703, -4, 168.661, -3.842]
  0626 c [168.621, -3.684, 168.547, -3.554, 168.441, -3.452]
  0627 c [168.219, -3.246, 167.755, -3.142, 167.053, -3.142]
  0628 c [165.993, -3.142, 165.315, -3.28, 165.015, -3.554]
  0629 c [164.717, -3.83, 164.567, -4.456, 164.567, -5.432]
  0630 l [164.567, -7.998]
  0631 l [163.689, -7.998]
  0632 h
  0633 h
  0634 m [170.246, -2.438]
  0635 l [171.125, -2.438]
  0636 l [171.125, -7.998]
  0637 l [170.246, -7.998]
  0638 h
  0639 h
  0640 m [170.246, 0]
  0641 l [171.125, 0]
  0642 l [171.125, -1.042]
  0643 l [170.246, -1.042]
  0644 h
  0645 h
  0646 m [178.208, -6.282]
  0647 l [179.129, -6.282]
  0648 c [179.112, -6.946, 178.879, -7.41, 178.427, -7.672]
  0649 c [177.973, -7.936, 177.185, -8.068, 176.058, -8.068]
  0650 c [175.129, -8.068, 174.423, -8.032, 173.941, -7.96]
  0651 c [173.458, -7.888, 173.095, -7.766, 172.849, -7.594]
  0652 c [172.287, -7.196, 172.005, -6.408, 172.005, -5.232]
  0653 c [172.005, -4.408, 172.125, -3.79, 172.363, -3.376]
  0654 c [172.589, -2.982, 172.917, -2.714, 173.342, -2.576]
  0655 c [173.771, -2.438, 174.485, -2.368, 175.485, -2.368]
  0656 c [176.443, -2.368, 177.133, -2.418, 177.559, -2.52]
  0657 c [177.985, -2.622, 178.324, -2.818, 178.578, -3.106]
  0658 c [178.789, -3.348, 178.935, -3.63, 179.012, -3.95]
  0659 c [179.091, -4.27, 179.133, -4.758, 179.141, -5.414]
  0660 l [172.947, -5.414]
  0661 c [172.971, -6.106, 173.107, -6.58, 173.356, -6.838]
  0662 c [173.525, -7.012, 173.795, -7.132, 174.163, -7.198]
  0663 c [174.533, -7.262, 175.133, -7.294, 175.965, -7.294]
  0664 c [176.595, -7.294, 177.055, -7.264, 177.349, -7.206]
  0665 c [177.64, -7.148, 177.858, -7.04, 178.004, -6.884]
  0666 c [178.112, -6.764, 178.182, -6.562, 178.208, -6.282]
  0667 h
  0668 m [178.168, -4.664]
  0669 c [178.165, -4.122, 178.021, -3.742, 177.734, -3.528]
  0670 c [177.547, -3.384, 177.284, -3.284, 176.947, -3.226]
  0671 c [176.609, -3.17, 176.113, -3.142, 175.461, -3.142]
  0672 c [174.891, -3.142, 174.457, -3.168, 174.157, -3.222]
  0673 c [173.858, -3.274, 173.625, -3.366, 173.457, -3.5]
  0674 c [173.181, -3.714, 173.021, -4.102, 172.977, -4.664]
  0675 h
  0676 h
  0677 m [179.79, -6.058]
  0678 l [180.729, -6.058]
  0679 c [180.729, -6.136, 180.729, -6.188, 180.729, -6.216]
  0680 c [180.729, -6.516, 180.76, -6.732, 180.825, -6.86]
  0681 c [180.889, -6.99, 181.017, -7.088, 181.208, -7.16]
  0682 c [181.463, -7.25, 182.193, -7.294, 183.4, -7.294]
  0683 c [184.155, -7.294, 184.679, -7.278, 184.973, -7.244]
  0684 c [185.268, -7.21, 185.48, -7.146, 185.609, -7.048]
  0685 c [185.784, -6.916, 185.872, -6.71, 185.872, -6.432]
  0686 c [185.872, -6.096, 185.767, -5.868, 185.556, -5.744]
  0687 c [185.344, -5.622, 184.961, -5.562, 184.402, -5.566]
  0688 c [184.227, -5.57, 183.381, -5.56, 181.865, -5.536]
  0689 c [181.471, -5.528, 181.155, -5.498, 180.918, -5.442]
  0690 c [180.683, -5.388, 180.486, -5.3, 180.331, -5.178]
  0691 c [180.033, -4.948, 179.885, -4.56, 179.885, -4.012]
  0692 c [179.885, -3.434, 180.071, -3.014, 180.44, -2.752]
  0693 c [180.637, -2.616, 180.956, -2.518, 181.403, -2.456]
  0694 c [181.846, -2.396, 182.488, -2.366, 183.324, -2.366]
  0695 c [184.257, -2.366, 184.947, -2.416, 185.388, -2.518]
  0696 c [185.833, -2.62, 186.159, -2.8, 186.365, -3.058]
  0697 c [186.466, -3.182, 186.532, -3.314, 186.561, -3.454]
  0698 c [186.591, -3.592, 186.604, -3.826, 186.604, -4.154]
  0699 l [185.678, -4.154]
  0700 c [185.674, -3.814, 185.618, -3.592, 185.509, -3.486]
  0701 c [185.388, -3.364, 185.155, -3.276, 184.806, -3.222]
  0702 c [184.459, -3.168, 183.955, -3.14, 183.294, -3.14]
  0703 c [182.092, -3.14, 181.361, -3.224, 181.105, -3.392]
  0704 c [180.916, -3.516, 180.823, -3.728, 180.823, -4.024]
  0705 c [180.823, -4.33, 180.933, -4.53, 181.151, -4.628]
  0706 c [181.369, -4.726, 181.811, -4.768, 182.475, -4.758]
  0707 c [183.131, -4.746, 183.98, -4.762, 185.022, -4.804]
  0708 c [185.656, -4.828, 186.113, -4.966, 186.392, -5.22]
  0709 c [186.671, -5.474, 186.811, -5.876, 186.811, -6.428]
  0710 c [186.811, -6.76, 186.763, -7.028, 186.664, -7.236]
  0711 c [186.566, -7.442, 186.409, -7.612, 186.189, -7.746]
  0712 c [185.998, -7.862, 185.685, -7.946, 185.253, -7.994]
  0713 c [184.819, -8.044, 184.19, -8.068, 183.37, -8.068]
  0714 c [182.453, -8.068, 181.772, -8.04, 181.329, -7.986]
  0715 c [180.884, -7.932, 180.56, -7.834, 180.353, -7.692]
  0716 c [180.143, -7.552, 179.995, -7.382, 179.91, -7.184]
  0717 c [179.827, -6.984, 179.785, -6.706, 179.785, -6.35]
  0718 c [179.785, -6.304, 179.786, -6.206, 179.79, -6.058]
  0719 f
  0720 Q
  0721 q
  0722 cm [1, 0, 0, 1, 233.4433, 637.2561]
  0723 scn [0, 0.27, 0.48]
  0724 m [0, 0]
  0725 l [234.273, 0]
  0726 l [234.273, -9.584]
  0727 l [0, -9.584]
  0728 h
  0729 f*
  0730 Q
  0731 q
  0732 cm [1, 0, 0, 1, 115.6487, 195.9846]
  0733 m [0, 0]
  0734 c [0, -0.864, 0.559, -1.39, 1.407, -1.39]
  0735 c [2.263, -1.39, 2.823, -0.864, 2.823, 0]
  0736 c [2.823, 0.864, 2.263, 1.398, 1.407, 1.398]
  0737 c [0.559, 1.398, 0, 0.864, 0, 0]
  0738 f*
  0739 Q
  0740 q
  0741 cm [1, 0, 0, 1, 116.5286, 195.9846]
  0742 scn [0.17, 0.25, 0.45]
  0743 m [0, 0]
  0744 c [0, 0.379, 0.157, 0.782, 0.527, 0.782]
  0745 c [0.905, 0.782, 1.062, 0.379, 1.062, 0]
  0746 c [1.062, -0.362, 0.905, -0.773, 0.527, -0.773]
  0747 c [0.157, -0.773, 0, -0.362, 0, 0]
  0748 f*
  0749 Q
  0750 q
  0751 cm [47.09565, 0, 0, 39.67909, 38.031, 518.9579]
  0752 Do /Im0 IMAGE 64x54 filter= cs=Indexed(ICCBased(n=3,alt=PdfDeviceRgbColorSpace),high=118)
  0753 Q
  0754 q
  0755 cm [101.31506, 0, 0, 39.4937, 38.031, 567.3322]
  0756 Do /Im1 IMAGE 136x54 filter= cs=Indexed(ICCBased(n=3,alt=PdfDeviceRgbColorSpace),high=85)
  0757 Q
  0758 q
  0759 cm [1, 0, 0, 1, 99.1619, 574.0662]
  0760 m [0, 0]
  0761 l [1.131, 0]
  0762 c [1.131, 0.155, 1.143, 0.31, 1.171, 0.465]
  0763 c [1.204, 0.626, 1.257, 0.769, 1.33, 0.897]
  0764 c [1.401, 1.03, 1.495, 1.136, 1.611, 1.213]
  0765 c [1.734, 1.296, 1.88, 1.337, 2.052, 1.337]
  0766 c [2.308, 1.337, 2.515, 1.257, 2.676, 1.097]
  0767 c [2.842, 0.942, 2.925, 0.723, 2.925, 0.44]
  0768 c [2.925, 0.263, 2.882, 0.105, 2.8, -0.033]
  0769 c [2.721, -0.171, 2.623, -0.296, 2.501, -0.407]
  0770 c [2.384, -0.518, 2.254, -0.621, 2.11, -0.714]
  0771 c [1.966, -0.803, 1.831, -0.891, 1.704, -0.98]
  0772 c [1.455, -1.152, 1.217, -1.32, 0.989, -1.487]
  0773 c [0.768, -1.653, 0.574, -1.835, 0.408, -2.036]
  0774 c [0.241, -2.229, 0.109, -2.451, 0.009, -2.7]
  0775 c [-0.085, -2.949, -0.133, -3.242, -0.133, -3.581]
  0776 l [4.137, -3.581]
  0777 l [4.137, -2.567]
  0778 l [1.387, -2.567]
  0779 c [1.531, -2.368, 1.698, -2.193, 1.886, -2.043]
  0780 c [2.074, -1.894, 2.268, -1.755, 2.468, -1.628]
  0781 c [2.667, -1.496, 2.863, -1.363, 3.057, -1.23]
  0782 c [3.257, -1.096, 3.435, -0.949, 3.588, -0.789]
  0783 c [3.744, -0.623, 3.869, -0.435, 3.962, -0.223]
  0784 c [4.057, -0.014, 4.104, 0.238, 4.104, 0.531]
  0785 c [4.104, 0.814, 4.05, 1.069, 3.938, 1.296]
  0786 c [3.832, 1.523, 3.688, 1.715, 3.506, 1.869]
  0787 c [3.324, 2.025, 3.109, 2.143, 2.866, 2.227]
  0788 c [2.629, 2.31, 2.377, 2.35, 2.11, 2.35]
  0789 c [1.762, 2.35, 1.451, 2.29, 1.18, 2.168]
  0790 c [0.914, 2.052, 0.692, 1.886, 0.515, 1.67]
  0791 c [0.338, 1.46, 0.205, 1.21, 0.117, 0.921]
  0792 c [0.029, 0.639, -0.01, 0.332, 0, 0]
  0793 f*
  0794 Q
  0795 q
  0796 cm [1, 0, 0, 1, 109.9933, 573.5259]
  0797 m [0, 0]
  0798 c [0, 0.099, 0, 0.219, 0, 0.356]
  0799 c [0.006, 0.501, 0.017, 0.647, 0.033, 0.797]
  0800 c [0.049, 0.947, 0.077, 1.094, 0.117, 1.237]
  0801 c [0.156, 1.386, 0.208, 1.52, 0.274, 1.636]
  0802 c [0.347, 1.752, 0.435, 1.847, 0.541, 1.919]
  0803 c [0.652, 1.99, 0.786, 2.026, 0.947, 2.026]
  0804 c [1.107, 2.026, 1.243, 1.99, 1.354, 1.919]
  0805 c [1.465, 1.847, 1.556, 1.752, 1.628, 1.636]
  0806 c [1.701, 1.52, 1.753, 1.386, 1.786, 1.237]
  0807 c [1.826, 1.094, 1.853, 0.947, 1.869, 0.797]
  0808 c [1.892, 0.647, 1.903, 0.501, 1.903, 0.356]
  0809 c [1.909, 0.219, 1.91, 0.099, 1.91, 0]
  0810 c [1.91, -0.166, 1.906, -0.369, 1.895, -0.607]
  0811 c [1.883, -0.839, 1.847, -1.067, 1.786, -1.289]
  0812 c [1.731, -1.504, 1.637, -1.69, 1.504, -1.845]
  0813 c [1.376, -1.999, 1.19, -2.077, 0.947, -2.077]
  0814 c [0.709, -2.077, 0.527, -1.999, 0.399, -1.845]
  0815 c [0.271, -1.69, 0.177, -1.504, 0.117, -1.289]
  0816 c [0.061, -1.067, 0.028, -0.839, 0.017, -0.607]
  0817 c [0.006, -0.369, 0, -0.166, 0, 0]
  0818 h
  0819 m [-1.18, 0]
  0820 c [-1.18, -0.582, -1.124, -1.07, -1.014, -1.463]
  0821 c [-0.896, -1.85, -0.743, -2.161, -0.549, -2.393]
  0822 c [-0.355, -2.626, -0.131, -2.792, 0.124, -2.891]
  0823 c [0.385, -2.991, 0.659, -3.041, 0.947, -3.041]
  0824 c [1.241, -3.041, 1.515, -2.991, 1.769, -2.891]
  0825 c [2.029, -2.792, 2.256, -2.626, 2.451, -2.393]
  0826 c [2.651, -2.161, 2.806, -1.85, 2.915, -1.463]
  0827 c [3.033, -1.07, 3.09, -0.582, 3.09, 0]
  0828 c [3.09, 0.564, 3.033, 1.038, 2.915, 1.42]
  0829 c [2.806, 1.807, 2.65, 2.118, 2.451, 2.351]
  0830 c [2.256, 2.583, 2.029, 2.749, 1.769, 2.849]
  0831 c [1.515, 2.948, 1.241, 2.998, 0.947, 2.998]
  0832 c [0.659, 2.998, 0.385, 2.948, 0.124, 2.849]
  0833 c [-0.131, 2.749, -0.355, 2.583, -0.549, 2.351]
  0834 c [-0.742, 2.118, -0.896, 1.807, -1.014, 1.42]
  0835 c [-1.124, 1.038, -1.18, 0.564, -1.18, 0]
  0836 f*
  0837 Q
  0838 q
  0839 cm [1, 0, 0, 1, 121.1097, 574.5314]
  0840 m [0, 0]
  0841 l [1.261, 0]
  0842 c [1.224, 0.344, 1.128, 0.648, 0.98, 0.914]
  0843 c [0.83, 1.179, 0.639, 1.4, 0.407, 1.578]
  0844 c [0.179, 1.762, -0.081, 1.9, -0.375, 1.994]
  0845 c [-0.663, 2.088, -0.97, 2.135, -1.297, 2.135]
  0846 c [-1.751, 2.135, -2.16, 2.055, -2.527, 1.895]
  0847 c [-2.886, 1.733, -3.19, 1.511, -3.44, 1.229]
  0848 c [-3.688, 0.947, -3.88, 0.615, -4.013, 0.232]
  0849 c [-4.147, -0.144, -4.213, -0.554, -4.213, -0.997]
  0850 c [-4.213, -1.429, -4.147, -1.833, -4.013, -2.21]
  0851 c [-3.88, -2.581, -3.688, -2.905, -3.44, -3.182]
  0852 c [-3.19, -3.459, -2.886, -3.678, -2.527, -3.838]
  0853 c [-2.16, -3.993, -1.751, -4.07, -1.297, -4.07]
  0854 c [-0.931, -4.07, -0.597, -4.015, -0.291, -3.904]
  0855 c [0.013, -3.794, 0.279, -3.633, 0.507, -3.423]
  0856 c [0.734, -3.212, 0.915, -2.957, 1.054, -2.659]
  0857 c [1.193, -2.359, 1.279, -2.024, 1.312, -1.653]
  0858 l [0.049, -1.653]
  0859 c [0, -2.052, -0.139, -2.373, -0.366, -2.617]
  0860 c [-0.587, -2.861, -0.898, -2.983, -1.297, -2.983]
  0861 c [-1.591, -2.983, -1.839, -2.927, -2.044, -2.816]
  0862 c [-2.25, -2.7, -2.415, -2.548, -2.543, -2.359]
  0863 c [-2.67, -2.17, -2.764, -1.961, -2.825, -1.729]
  0864 c [-2.881, -1.49, -2.908, -1.246, -2.908, -0.997]
  0865 c [-2.908, -0.737, -2.881, -0.485, -2.825, -0.241]
  0866 c [-2.764, 0.002, -2.67, 0.218, -2.543, 0.407]
  0867 c [-2.415, 0.602, -2.25, 0.753, -2.044, 0.864]
  0868 c [-1.839, 0.98, -1.591, 1.038, -1.297, 1.038]
  0869 c [-1.137, 1.038, -0.983, 1.01, -0.839, 0.956]
  0870 c [-0.69, 0.905, -0.557, 0.834, -0.441, 0.739]
  0871 c [-0.324, 0.645, -0.227, 0.535, -0.15, 0.407]
  0872 c [-0.073, 0.285, -0.023, 0.149, 0, 0]
  0873 f*
  0874 Q
  0875 q
  0876 cm [1, 0, 0, 1, 113.4899, 575.3477]
  0877 m [0, 0]
  0878 c [0, -0.864, 0.559, -1.39, 1.407, -1.39]
  0879 c [2.263, -1.39, 2.823, -0.864, 2.823, 0]
  0880 c [2.823, 0.864, 2.263, 1.398, 1.407, 1.398]
  0881 c [0.559, 1.398, 0, 0.864, 0, 0]
  0882 f*
  0883 Q
  0884 q
  0885 cm [1, 0, 0, 1, 114.3697, 575.3477]
  0886 scn [0.17, 0.25, 0.45]
  0887 m [0, 0]
  0888 c [0, 0.379, 0.157, 0.782, 0.528, 0.782]
  0889 c [0.905, 0.782, 1.062, 0.379, 1.062, 0]
  0890 c [1.062, -0.362, 0.905, -0.773, 0.528, -0.773]
  0891 c [0.157, -0.773, 0, -0.362, 0, 0]
  0892 f*
  0893 Q
  0894 BT
  0895 scn [0.17, 0.16, 0.16]
  1035 ET
  1036 q
  1037 cm [1, 0, 0, 1, 201.3361, 437.508]
  1038 CS [/CS0]
  1039 SCN [0.17, 0.16, 0.16]
  1040 w [0.51]
  1041 M [22.926]
  1042 m [0, 0]
  1043 l [215.357, 0]
  1044 S
  1045 Q
  1046 BT
  1050 ET
  1051 q
  1052 cm [141.12822, 0, 0, 49.02803, 45.4198, 365.9292]
  1053 Do /Im2 IMAGE 189x66 filter=/JPXDecode cs=ICCBased(n=3,alt=PdfDeviceRgbColorSpace)
  1054 Q
  1055 q
  1056 cm [155.9058, 0, 0, 39.60142, 38.031, 273.9008]
  1057 Do /Im3 IMAGE 209x54 filter= cs=Indexed(ICCBased(n=3,alt=PdfDeviceRgbColorSpace),high=191)
  1058 Q
  1059 BT
  1060 scn [1, 1, 1]
  1079 scn [0.17, 0.16, 0.16]
  1106 ET
  1107 q
  1108 cm [155.9058, 0, 0, 39.60142, 38.031, 470.6612]
  1109 Do /Im4 IMAGE 209x54 filter= cs=Indexed(ICCBased(n=3,alt=PdfDeviceRgbColorSpace),high=200)
  1110 Q
  1111 BT
  1112 scn [1, 1, 1]
  1131 scn [0.17, 0.16, 0.16]
  1163 scn [1, 1, 1]
  1170 ET
  1171 q
  1172 cm [1, 0, 0, 1, 48.2533, 570.5923]
  1173 m [0, 0]
  1174 l [0, 5.816]
  1175 l [-0.939, 5.816]
  1176 c [-0.972, 5.594, -1.042, 5.408, -1.147, 5.259]
  1177 c [-1.252, 5.109, -1.382, 4.989, -1.537, 4.893]
  1178 c [-1.687, 4.805, -1.858, 4.741, -2.052, 4.702]
  1179 c [-2.241, 4.669, -2.437, 4.655, -2.643, 4.66]
  1180 l [-2.643, 3.772]
  1181 l [-1.18, 3.772]
  1182 l [-1.18, 0]
  1183 h
  1184 f*
  1185 Q
  1186 q
  1187 cm [1, 0, 0, 1, 49.9221, 574.1731]
  1188 m [0, 0]
  1189 l [1.131, 0]
  1190 c [1.131, 0.155, 1.143, 0.31, 1.171, 0.465]
  1191 c [1.204, 0.626, 1.257, 0.77, 1.33, 0.898]
  1192 c [1.401, 1.031, 1.495, 1.136, 1.611, 1.213]
  1193 c [1.735, 1.296, 1.881, 1.338, 2.053, 1.338]
  1194 c [2.308, 1.338, 2.515, 1.257, 2.676, 1.097]
  1195 c [2.842, 0.942, 2.925, 0.723, 2.925, 0.44]
  1196 c [2.925, 0.263, 2.882, 0.106, 2.8, -0.033]
  1197 c [2.722, -0.171, 2.623, -0.296, 2.502, -0.406]
  1198 c [2.384, -0.518, 2.254, -0.62, 2.11, -0.714]
  1199 c [1.966, -0.803, 1.831, -0.891, 1.704, -0.98]
  1200 c [1.455, -1.151, 1.217, -1.32, 0.99, -1.487]
  1201 c [0.768, -1.653, 0.574, -1.835, 0.408, -2.036]
  1202 c [0.241, -2.229, 0.109, -2.451, 0.009, -2.7]
  1203 c [-0.085, -2.949, -0.133, -3.242, -0.133, -3.581]
  1204 l [4.137, -3.581]
  1205 l [4.137, -2.567]
  1206 l [1.388, -2.567]
  1207 c [1.531, -2.367, 1.698, -2.193, 1.886, -2.043]
  1208 c [2.074, -1.894, 2.268, -1.755, 2.468, -1.628]
  1209 c [2.667, -1.496, 2.863, -1.363, 3.057, -1.23]
  1210 c [3.257, -1.096, 3.435, -0.949, 3.588, -0.789]
  1211 c [3.744, -0.623, 3.869, -0.435, 3.963, -0.223]
  1212 c [4.057, -0.014, 4.104, 0.238, 4.104, 0.532]
  1213 c [4.104, 0.815, 4.05, 1.07, 3.938, 1.296]
  1214 c [3.832, 1.523, 3.688, 1.715, 3.506, 1.869]
  1215 c [3.324, 2.025, 3.109, 2.143, 2.866, 2.227]
  1216 c [2.629, 2.31, 2.377, 2.351, 2.11, 2.351]
  1217 c [1.762, 2.351, 1.451, 2.291, 1.18, 2.168]
  1218 c [0.914, 2.052, 0.692, 1.886, 0.515, 1.67]
  1219 c [0.338, 1.46, 0.205, 1.21, 0.117, 0.922]
  1220 c [0.029, 0.64, -0.01, 0.333, 0, 0]
  1221 f*
  1222 Q
  1223 q
  1224 cm [1, 0, 0, 1, 55.588, 573.5259]
  1225 m [0, 0]
  1226 c [0, 0.099, 0, 0.219, 0, 0.356]
  1227 c [0.006, 0.501, 0.017, 0.647, 0.033, 0.797]
  1228 c [0.05, 0.947, 0.077, 1.094, 0.116, 1.237]
  1229 c [0.156, 1.386, 0.208, 1.52, 0.274, 1.636]
  1230 c [0.347, 1.752, 0.435, 1.847, 0.541, 1.919]
  1231 c [0.652, 1.99, 0.787, 2.026, 0.947, 2.026]
  1232 c [1.108, 2.026, 1.243, 1.99, 1.354, 1.919]
  1233 c [1.465, 1.847, 1.557, 1.752, 1.628, 1.636]
  1234 c [1.701, 1.52, 1.753, 1.386, 1.786, 1.237]
  1235 c [1.826, 1.094, 1.852, 0.947, 1.869, 0.797]
  1236 c [1.892, 0.647, 1.903, 0.501, 1.903, 0.356]
  1237 c [1.909, 0.219, 1.91, 0.099, 1.91, 0]
  1238 c [1.91, -0.166, 1.906, -0.369, 1.895, -0.607]
  1239 c [1.884, -0.839, 1.847, -1.067, 1.786, -1.289]
  1240 c [1.731, -1.504, 1.637, -1.69, 1.504, -1.845]
  1241 c [1.377, -1.999, 1.19, -2.077, 0.947, -2.077]
  1242 c [0.709, -2.077, 0.527, -1.999, 0.398, -1.845]
  1243 c [0.271, -1.69, 0.177, -1.504, 0.116, -1.289]
  1244 c [0.061, -1.067, 0.028, -0.839, 0.017, -0.607]
  1245 c [0.006, -0.369, 0, -0.166, 0, 0]
  1246 h
  1247 m [-1.18, 0]
  1248 c [-1.18, -0.582, -1.124, -1.07, -1.014, -1.463]
  1249 c [-0.896, -1.85, -0.742, -2.161, -0.549, -2.393]
  1250 c [-0.355, -2.626, -0.131, -2.792, 0.124, -2.891]
  1251 c [0.385, -2.991, 0.659, -3.041, 0.947, -3.041]
  1252 c [1.241, -3.041, 1.515, -2.991, 1.769, -2.891]
  1253 c [2.03, -2.792, 2.257, -2.626, 2.451, -2.393]
  1254 c [2.651, -2.161, 2.806, -1.85, 2.916, -1.463]
  1255 c [3.033, -1.07, 3.09, -0.582, 3.09, 0]
  1256 c [3.09, 0.564, 3.033, 1.038, 2.916, 1.42]
  1257 c [2.806, 1.807, 2.651, 2.118, 2.451, 2.351]
  1258 c [2.257, 2.583, 2.03, 2.749, 1.769, 2.849]
  1259 c [1.515, 2.948, 1.241, 2.998, 0.947, 2.998]
  1260 c [0.659, 2.998, 0.385, 2.948, 0.124, 2.849]
  1261 c [-0.13, 2.749, -0.355, 2.583, -0.549, 2.351]
  1262 c [-0.742, 2.118, -0.896, 1.807, -1.014, 1.42]
  1263 c [-1.124, 1.038, -1.18, 0.564, -1.18, 0]
  1264 f*
  1265 Q
  1266 q
  1267 cm [1, 0, 0, 1, 66.7043, 574.5314]
  1268 m [0, 0]
  1269 l [1.262, 0]
  1270 c [1.224, 0.344, 1.129, 0.648, 0.98, 0.914]
  1271 c [0.831, 1.179, 0.64, 1.4, 0.407, 1.578]
  1272 c [0.179, 1.762, -0.08, 1.9, -0.375, 1.994]
  1273 c [-0.663, 2.088, -0.969, 2.135, -1.296, 2.135]
  1274 c [-1.751, 2.135, -2.16, 2.055, -2.526, 1.895]
  1275 c [-2.885, 1.733, -3.19, 1.511, -3.44, 1.229]
  1276 c [-3.688, 0.947, -3.88, 0.615, -4.012, 0.232]
  1277 c [-4.146, -0.144, -4.213, -0.554, -4.213, -0.997]
  1278 c [-4.213, -1.429, -4.146, -1.833, -4.012, -2.21]
  1279 c [-3.88, -2.581, -3.688, -2.905, -3.44, -3.182]
  1280 c [-3.19, -3.459, -2.885, -3.678, -2.526, -3.838]
  1281 c [-2.16, -3.993, -1.751, -4.07, -1.296, -4.07]
  1282 c [-0.931, -4.07, -0.596, -4.015, -0.29, -3.904]
  1283 c [0.013, -3.794, 0.279, -3.633, 0.507, -3.423]
  1284 c [0.734, -3.212, 0.915, -2.957, 1.054, -2.659]
  1285 c [1.193, -2.359, 1.279, -2.024, 1.313, -1.653]
  1286 l [0.05, -1.653]
  1287 c [0, -2.052, -0.139, -2.373, -0.365, -2.617]
  1288 c [-0.587, -2.861, -0.898, -2.983, -1.296, -2.983]
  1289 c [-1.591, -2.983, -1.839, -2.927, -2.044, -2.816]
  1290 c [-2.25, -2.7, -2.415, -2.548, -2.542, -2.359]
  1291 c [-2.67, -2.17, -2.764, -1.961, -2.825, -1.729]
  1292 c [-2.881, -1.49, -2.908, -1.246, -2.908, -0.997]
  1293 c [-2.908, -0.737, -2.881, -0.485, -2.825, -0.241]
  1294 c [-2.764, 0.002, -2.67, 0.218, -2.542, 0.407]
  1295 c [-2.415, 0.602, -2.25, 0.753, -2.044, 0.864]
  1296 c [-1.839, 0.98, -1.591, 1.038, -1.296, 1.038]
  1297 c [-1.136, 1.038, -0.982, 1.01, -0.839, 0.956]
  1298 c [-0.69, 0.905, -0.557, 0.834, -0.441, 0.739]
  1299 c [-0.324, 0.645, -0.227, 0.535, -0.15, 0.407]
  1300 c [-0.073, 0.285, -0.023, 0.149, 0, 0]
  1301 f*
  1302 Q
  1303 q
  1304 cm [1, 0, 0, 1, 59.0848, 575.3477]
  1305 m [0, 0]
  1306 c [0, -0.864, 0.559, -1.39, 1.407, -1.39]
  1307 c [2.263, -1.39, 2.823, -0.864, 2.823, 0]
  1308 c [2.823, 0.864, 2.263, 1.398, 1.407, 1.398]
  1309 c [0.559, 1.398, 0, 0.864, 0, 0]
  1310 f*
  1311 Q
  1312 q
  1313 cm [1, 0, 0, 1, 59.9647, 575.3477]
  1314 scn [0.17, 0.25, 0.45]
  1315 m [0, 0]
  1316 c [0, 0.379, 0.157, 0.782, 0.528, 0.782]
  1317 c [0.905, 0.782, 1.061, 0.379, 1.061, 0]
  1318 c [1.061, -0.362, 0.905, -0.773, 0.528, -0.773]
  1319 c [0.157, -0.773, 0, -0.362, 0, 0]
  1320 f*
  1321 Q
  1322 q
  1323 cm [1, 0, 0, 1, 105.0953, 573.5259]
  1324 m [0, 0]
  1325 c [0, 0.099, 0, 0.219, 0, 0.356]
  1326 c [0.006, 0.501, 0.017, 0.647, 0.033, 0.797]
  1327 c [0.049, 0.947, 0.077, 1.094, 0.117, 1.237]
  1328 c [0.156, 1.386, 0.208, 1.52, 0.274, 1.636]
  1329 c [0.347, 1.752, 0.435, 1.847, 0.541, 1.919]
  1330 c [0.652, 1.99, 0.786, 2.026, 0.947, 2.026]
  1331 c [1.107, 2.026, 1.243, 1.99, 1.354, 1.919]
  1332 c [1.464, 1.847, 1.557, 1.752, 1.628, 1.636]
  1333 c [1.701, 1.52, 1.753, 1.386, 1.786, 1.237]
  1334 c [1.826, 1.094, 1.853, 0.947, 1.869, 0.797]
  1335 c [1.892, 0.647, 1.904, 0.501, 1.904, 0.356]
  1336 c [1.909, 0.219, 1.91, 0.099, 1.91, 0]
  1337 c [1.91, -0.166, 1.906, -0.369, 1.895, -0.607]
  1338 c [1.883, -0.839, 1.847, -1.067, 1.786, -1.289]
  1339 c [1.731, -1.504, 1.637, -1.69, 1.504, -1.845]
  1340 c [1.377, -1.999, 1.19, -2.077, 0.947, -2.077]
  1341 c [0.709, -2.077, 0.527, -1.999, 0.399, -1.845]
  1342 c [0.271, -1.69, 0.177, -1.504, 0.117, -1.289]
  1343 c [0.061, -1.067, 0.028, -0.839, 0.017, -0.607]
  1344 c [0.006, -0.369, 0, -0.166, 0, 0]
  1345 h
  1346 m [-1.18, 0]
  1347 c [-1.18, -0.582, -1.124, -1.07, -1.014, -1.463]
  1348 c [-0.896, -1.85, -0.743, -2.161, -0.549, -2.393]
  1349 c [-0.355, -2.626, -0.131, -2.792, 0.124, -2.891]
  1350 c [0.385, -2.991, 0.659, -3.041, 0.947, -3.041]
  1351 c [1.241, -3.041, 1.515, -2.991, 1.769, -2.891]
  1352 c [2.029, -2.792, 2.256, -2.626, 2.451, -2.393]
  1353 c [2.651, -2.161, 2.806, -1.85, 2.916, -1.463]
  1354 c [3.033, -1.07, 3.09, -0.582, 3.09, 0]
  1355 c [3.09, 0.564, 3.033, 1.038, 2.916, 1.42]
  1356 c [2.806, 1.807, 2.65, 2.118, 2.451, 2.351]
  1357 c [2.256, 2.583, 2.029, 2.749, 1.769, 2.849]
  1358 c [1.515, 2.948, 1.241, 2.998, 0.947, 2.998]
  1359 c [0.659, 2.998, 0.385, 2.948, 0.124, 2.849]
  1360 c [-0.131, 2.749, -0.355, 2.583, -0.549, 2.351]
  1361 c [-0.742, 2.118, -0.897, 1.807, -1.014, 1.42]
  1362 c [-1.124, 1.038, -1.18, 0.564, -1.18, 0]
  1363 f*
  1364 Q
  1365 BT
  1366 scn [0.17, 0.16, 0.16]
  1389 ET
  1390 q
  1391 cm [1, 0, 0, 1, 201.3361, 162.5661]
  1392 CS [/CS0]
  1393 SCN [0.17, 0.16, 0.16]
  1394 w [0.51]
  1395 M [22.926]
  1396 m [0, 0]
  1397 l [215.357, 0]
  1398 S
  1399 Q
  1400 BT
  1404 ET
  1405 q
  1406 cm [147.63713, 0, 0, 112.89572, 42.1688, 53.1918]
  1407 Do /Im5 IMAGE 197x151 filter=/DCTDecode cs=ICCBased(n=3,alt=PdfDeviceRgbColorSpace)
  1408 Q
